項と和をpairをNodeにする。
和がn以下の時、queueにpushする。

n = 12

step 1
9(9) 4(4) 1(1)
9(9) 4(4) 1(1) : 1(10)
pop
4(4) 1(1) : 1(10)
4(4) 1(1) : 1(10) 4(8) 1(5)
pop
1(1) : 1(10) 4(8) 1(5)
1(1) : 1(10) 4(8) 1(5) 1(2)
pop
step 2
1(10) 4(8) 1(5) 1(2)
1(10) 4(8) 1(5) 1(2) : 1(11)
pop
4(8) 1(5) 1(2) : 1(11)
4(8) 1(5) 1(2) : 1(11) 4(12) 1(9)
pop
1(5) 1(2) : 1(11) 4(12) 1(9)
1(5) 1(2) : 1(11) 4(12) 1(9) 1(6)
pop
1(2) : 1(11) 4(12) 1(9) 1(6)
1(2) : 1(11) 4(12) 1(9) 1(6) 1(3)
pop
step 3
1(11) 4(12) 1(9) 1(6) 1(3)
1(11) 4(12) 1(9) 1(6) 1(3) : 1(12)
pop
4(12) 1(9) 1(6) 1(3) : 1(12)
finish

